1 0.5675 0.10178571428571434 0.355 0.2035714285714286
1 0.78 0.26785714285714296 0.15 0.07142857142857142
1 0.08 0.23214285714285723 0.17 0.08571428571428572
2 0.1875 0.355357142857143 0.165 0.16071428571428573
2 0.935 0.3375000000000001 0.1 0.09642857142857143
2 1.0 0.29107142857142865 0.15 0.09642857142857143
5 0.14 0.8267857142857143 0.11 0.060714285714285714
5 0.7625 0.7625000000000001 0.085 0.039285714285714285
5 0.895 0.780357142857143 0.08 0.05357142857142857
7 0.4725 0.5750000000000002 0.935 0.842857142857143
